Baseline ViT-Base on CIFAR-100 Classification Report
======================================================================
               precision    recall  f1-score   support

        apple     0.9703    0.9800    0.9751       100
aquarium_fish     0.9510    0.9700    0.9604       100
         baby     0.8788    0.8700    0.8744       100
         bear     0.9588    0.9300    0.9442       100
       beaver     0.9038    0.9400    0.9216       100
          bed     0.9320    0.9600    0.9458       100
          bee     0.9600    0.9600    0.9600       100
       beetle     0.9688    0.9300    0.9490       100
      bicycle     1.0000    0.9600    0.9796       100
       bottle     0.9706    0.9900    0.9802       100
         bowl     0.8925    0.8300    0.8601       100
          boy     0.7885    0.8200    0.8039       100
       bridge     0.9600    0.9600    0.9600       100
          bus     0.9485    0.9200    0.9340       100
    butterfly     0.9802    0.9900    0.9851       100
        camel     0.9798    0.9700    0.9749       100
          can     0.9314    0.9500    0.9406       100
       castle     0.9789    0.9300    0.9538       100
  caterpillar     0.9604    0.9700    0.9652       100
       cattle     0.9798    0.9700    0.9749       100
        chair     0.9596    0.9500    0.9548       100
   chimpanzee     0.9901    1.0000    0.9950       100
        clock     0.9900    0.9900    0.9900       100
        cloud     0.9684    0.9200    0.9436       100
    cockroach     0.9697    0.9600    0.9648       100
        couch     0.9381    0.9100    0.9239       100
         crab     0.9175    0.8900    0.9036       100
    crocodile     0.9216    0.9400    0.9307       100
          cup     0.9100    0.9100    0.9100       100
     dinosaur     0.9505    0.9600    0.9552       100
      dolphin     0.9307    0.9400    0.9353       100
     elephant     0.9798    0.9700    0.9749       100
     flatfish     0.9216    0.9400    0.9307       100
       forest     0.8723    0.8200    0.8454       100
          fox     0.9796    0.9600    0.9697       100
         girl     0.8966    0.7800    0.8342       100
      hamster     0.9500    0.9500    0.9500       100
        house     0.9278    0.9000    0.9137       100
     kangaroo     0.9500    0.9500    0.9500       100
     keyboard     1.0000    0.9800    0.9899       100
         lamp     0.9600    0.9600    0.9600       100
   lawn_mower     0.9709    1.0000    0.9852       100
      leopard     0.9300    0.9300    0.9300       100
         lion     0.9608    0.9800    0.9703       100
       lizard     0.9252    0.9900    0.9565       100
      lobster     0.9293    0.9200    0.9246       100
          man     0.8641    0.8900    0.8768       100
   maple_tree     0.7400    0.7400    0.7400       100
   motorcycle     0.9608    0.9800    0.9703       100
     mountain     0.9143    0.9600    0.9366       100
        mouse     0.8529    0.8700    0.8614       100
     mushroom     0.9612    0.9900    0.9754       100
     oak_tree     0.6696    0.7500    0.7075       100
       orange     0.9802    0.9900    0.9851       100
       orchid     0.9600    0.9600    0.9600       100
        otter     0.8557    0.8300    0.8426       100
    palm_tree     0.9802    0.9900    0.9851       100
         pear     0.9691    0.9400    0.9543       100
 pickup_truck     0.9615    1.0000    0.9804       100
    pine_tree     0.9512    0.7800    0.8571       100
        plain     0.9286    0.9100    0.9192       100
        plate     0.8942    0.9300    0.9118       100
        poppy     0.9320    0.9600    0.9458       100
    porcupine     0.9271    0.8900    0.9082       100
       possum     0.9043    0.8500    0.8763       100
       rabbit     0.9412    0.9600    0.9505       100
      raccoon     0.9604    0.9700    0.9652       100
          ray     0.9400    0.9400    0.9400       100
         road     0.9320    0.9600    0.9458       100
       rocket     0.9510    0.9700    0.9604       100
         rose     0.9400    0.9400    0.9400       100
          sea     0.9300    0.9300    0.9300       100
         seal     0.8687    0.8600    0.8643       100
        shark     0.9381    0.9100    0.9239       100
        shrew     0.8614    0.8700    0.8657       100
        skunk     0.9899    0.9800    0.9849       100
   skyscraper     0.9703    0.9800    0.9751       100
        snail     0.9519    0.9900    0.9706       100
        snake     0.9688    0.9300    0.9490       100
       spider     0.9333    0.9800    0.9561       100
     squirrel     0.9300    0.9300    0.9300       100
    streetcar     0.9271    0.8900    0.9082       100
    sunflower     0.9899    0.9800    0.9849       100
 sweet_pepper     0.9694    0.9500    0.9596       100
        table     0.9505    0.9600    0.9552       100
         tank     0.9899    0.9800    0.9849       100
    telephone     0.9800    0.9800    0.9800       100
   television     0.9429    0.9900    0.9659       100
        tiger     0.9688    0.9300    0.9490       100
      tractor     1.0000    0.9900    0.9950       100
        train     0.9057    0.9600    0.9320       100
        trout     0.9608    0.9800    0.9703       100
        tulip     0.9388    0.9200    0.9293       100
       turtle     0.9615    1.0000    0.9804       100
     wardrobe     0.9899    0.9800    0.9849       100
        whale     0.9505    0.9600    0.9552       100
  willow_tree     0.8000    0.8400    0.8195       100
         wolf     0.9800    0.9800    0.9800       100
        woman     0.8532    0.9300    0.8900       100
         worm     0.9500    0.9500    0.9500       100

     accuracy                         0.9366     10000
    macro avg     0.9372    0.9366    0.9365     10000
 weighted avg     0.9372    0.9366    0.9365     10000
